{'episode_id': 0, 'scene_id': 'data/scene_datasets/v3_sc3_staging_03.glb', 'scene_config_path': './orp/scenes/counter_L_analysis.yaml', 'start_position': [0, 0], 'start_rotation': 180, 'allowed_region': [], 'fixed_base': True, 'art_objs': [['orp/start_data/URDF/kitchen_counter/kitchen_counter.urdf', [[[1.0, 0.0, 0.0, 0.0], [0.0, 1.0, 0.0, 0.0], [0.0, 0.0, 1.0, 0.0], [-1.9769079685211182, -0.03703000023961067, 1.622023582458496, 1.0]], 2]], ['orp/start_data/URDF/fridge/fridge.urdf', [[[1.0, 0.0, 0.0, 0.0], [0.0, 1.0, 0.0, 0.0], [0.0, 0.0, 1.0, 0.0], [-2.1164145469665527, 1.0, 3.6476855278015137, 1.0]], 2]]], 'static_objs': [['data/objects/024_bowl', [[[1.0, 9.248949208995327e-05, -0.00011542413994902745, 0.0], [-0.00011541238200152293, -0.0001270879147341475, -0.9999999403953552, 0.0], [-9.250416042050347e-05, 0.9999999403953552, -0.00012707723362836987, 0.0], [-2.080883741378784, 0.8370792269706726, 0.6909282803535461, 1.0]], 2]], ['data/objects/003_cracker_box', [[[0.9991192817687988, 0.03539389744400978, -0.022536691278219223, 0.0], [-0.035642970353364944, 0.9993067979812622, -0.010747779160737991, 0.0], [0.022140663117170334, 0.011541588231921196, 0.9996882677078247, 0.0], [-2.1212551593780518, 0.8918713927268982, 0.43798744678497314, 1.0]], 2]], ['data/objects/024_bowl', [[[1.0, -1.4075620129005983e-05, -9.86438972176984e-05, 0.0], [-9.864383901003748e-05, 4.051327778142877e-06, -0.9999999403953552, 0.0], [1.4076020306674764e-05, 0.9999999403953552, 4.0499394344806205e-06, 0.0], [-2.2730727195739746, 0.8370815515518188, 0.8711208701133728, 1.0]], 2]], ['data/objects/010_potted_meat_can', [[[0.998664915561676, -0.01583133265376091, 0.049170635640621185, 0.0], [-0.049192387610673904, -0.0009872706141322851, 0.9987887740135193, 0.0], [-0.01576361060142517, -0.9998741745948792, -0.0017647334607318044, 0.0], [-2.0136709213256836, 0.8514726758003235, 1.0466171503067017, 1.0]], 2]], ['data/objects/002_master_chef_can', [[[1.0, 4.8888177843764424e-06, -8.871583122527227e-05, 0.0], [8.87156420503743e-05, 3.86220526706893e-05, 0.9999999403953552, 0.0], [4.892244760412723e-06, -0.9999999403953552, 3.8621619751211256e-05, 0.0], [-2.1769771575927734, 0.8801900148391724, 1.0693143606185913, 1.0]], 2]], ['data/objects/002_master_chef_can', [[[0.9999999403953552, 1.5248209820128977e-05, -0.00035065587144345045, 0.0], [0.0003506552311591804, 4.264880408300087e-05, 0.9999999403953552, 0.0], [1.5263212844729424e-05, -1.0, 4.264345261617564e-05, 0.0], [2.264348030090332, 1.0446115732192993, 3.531867027282715, 1.0]], 2]], ['data/objects/004_sugar_box', [[[0.9977871179580688, 0.06649015843868256, 0.0001356145367026329, 0.0], [-0.06648799777030945, 0.9977335929870605, 0.010350117459893227, 0.0], [0.0005528737674467266, -0.01033622957766056, 0.9999464750289917, 0.0], [2.705644369125366, 1.0200918912887573, 3.4723081588745117, 1.0]], 2]], ['data/objects/010_potted_meat_can', [[[0.9998745918273926, -0.01583334058523178, 0.00014384835958480835, 0.0], [-0.0001578880473971367, -0.0008854629122652113, 0.9999996423721313, 0.0], [-0.015833204612135887, -0.9998743534088135, -0.000887851812876761, 0.0], [2.655393123626709, 1.0158919095993042, 3.6460177898406982, 1.0]], 2]], ['data/objects/002_master_chef_can', [[[1.0, 8.82463064044714e-06, -0.0002192990214098245, 0.0], [0.00021929865761194378, 4.0341270505450666e-05, 0.9999999403953552, 0.0], [8.833456377033144e-06, -0.9999999403953552, 4.033933510072529e-05, 0.0], [2.606675148010254, 1.0446116924285889, 4.000332832336426, 1.0]], 2]], ['data/objects/005_tomato_soup_can', [[[0.9999998807907104, 6.587026291526854e-06, -0.0004235830856487155, 0.0], [0.00042358244536444545, 9.437029075343162e-05, 0.9999998807907104, 0.0], [6.627000402659178e-06, -1.0, 9.436748950975016e-05, 0.0], [2.4745423793792725, 1.025146484375, 3.4477782249450684, 1.0]], 2]], ['data/objects/024_bowl', [[[1.0, 4.0153536247089505e-06, 0.00011064511636504903, 0.0], [0.00011064511636504903, 3.547853850704996e-07, -0.9999999403953552, 0.0], [-4.0153900044970214e-06, 0.9999999403953552, 3.5434112533039297e-07, 0.0], [2.2924304008483887, 0.49176549911499023, 2.5015203952789307, 1.0]], 2]], ['data/objects/024_bowl', [[[1.0, 1.1401574738556519e-05, -0.00010627278970787302, 0.0], [-0.00010627273877616972, -4.175787125859642e-06, -0.9999999403953552, 0.0], [-1.1402022209949791e-05, 0.9999999403953552, -4.17457522416953e-06, 0.0], [2.088226556777954, 0.4917656481266022, 1.7447643280029297, 1.0]], 2]], ['data/objects/002_master_chef_can', [[[0.9999328851699829, 3.151269629597664e-05, -0.011584633961319923, 0.0], [0.011584633961319923, -2.526439493522048e-05, 0.9999328851699829, 0.0], [3.121746703982353e-05, -1.0, -2.5627759896451607e-05, 0.0], [-2.0029029846191406, 0.8801899552345276, 2.798238515853882, 1.0]], 2]], ['data/objects/009_gelatin_box', [[[0.983029842376709, 0.0, 0.18344560265541077, 0.0], [0.18344560265541077, -5.904585123062134e-07, -0.9830299019813538, 0.0], [1.043081283569336e-07, 1.0, -5.802139639854431e-07, 0.0], [-2.0804450511932373, 0.8246489763259888, 2.990884780883789, 1.0]], 2]], ['data/objects/003_cracker_box', [[[0.9992524981498718, 0.03576536849141121, -0.014671212062239647, 0.0], [-0.03592880442738533, 0.9992934465408325, -0.011031968519091606, 0.0], [0.014266284182667732, 0.011550841853022575, 0.99983149766922, 0.0], [-2.2081596851348877, 0.8918707966804504, 2.492173671722412, 1.0]], 2]], ['data/objects/003_cracker_box', [[[0.9992084503173828, 0.03571084514260292, 0.01752912439405918, 0.0], [-0.035500217229127884, 0.9992954134941101, -0.012183374725282192, 0.0], [-0.017951851710677147, 0.011551442556083202, 0.9997721314430237, 0.0], [-2.0052289962768555, 0.8918696045875549, 2.5224483013153076, 1.0]], 2]], ['data/objects/003_cracker_box', [[[0.999060869216919, 0.035548582673072815, -0.02477126568555832, 0.0], [-0.03582152724266052, 0.9993013143539429, -0.010663183405995369, 0.0], [0.02437489852309227, 0.01154051348567009, 0.9996362924575806, 0.0], [-2.174664258956909, 0.8918713331222534, 2.8348090648651123, 1.0]], 2]], ['data/objects/008_pudding_box', [[[0.8636592030525208, -0.4766657054424286, -0.16395913064479828, 0.0], [0.4727945029735565, 0.878812849521637, -0.06444673240184784, 0.0], [0.17480893433094025, -0.02185896970331669, 0.9843597412109375, 0.0], [-2.1589906215667725, 1.2874470949172974, 3.81025767326355, 1.0]], 2]], ['data/objects/010_potted_meat_can', [[[0.9998733997344971, -0.015733662992715836, 0.0023738169111311436, 0.0], [-0.0022999499924480915, 0.004711184650659561, 0.9999862909317017, 0.0], [-0.015744630247354507, -0.9998651742935181, 0.0046744015999138355, 0.0], [-2.091834306716919, 1.6407991647720337, 3.5230090618133545, 1.0]], 2]]], 'art_states': [], 'targets': [[0, [[1.0, 0.0, 0.0, 0.0], [0.0, 5.960464477539063e-08, -0.9999999403953552, 0.0], [0.0, 0.9999999403953552, 5.960464477539063e-08, 0.0], [0.20000000298023224, -2.0, 0.0, 1.0]]]], 'nav_mesh_path': None, 'markers': [{'local': [0.3, 0.0, 0], 'name': 'cab_push_point_7', 'relative': [0, 7]}, {'local': [0.3, 0.0, 0], 'name': 'cab_push_point_6', 'relative': [0, 6]}, {'local': [0.3, 0.0, 0], 'name': 'cab_push_point_5', 'relative': [0, 5]}, {'local': [0.3, 0.0, 0], 'name': 'cab_push_point_4', 'relative': [0, 4]}, {'local': [0.3, 0.0, 0], 'name': 'cab_push_point_3', 'relative': [0, 3]}, {'local': [0.3, 0.0, 0], 'name': 'cab_push_point_2', 'relative': [0, 2]}, {'local': [0.3, 0.0, 0], 'name': 'cab_push_point_1', 'relative': [0, 1]}, {'local': [0.1, -0.62, 0.2], 'name': 'fridge_push_point', 'relative': [1, 2]}], 'force_spawn_pos': None}
